5,[0.6441830992698669, 0.7423076629638672, 0.7423076629638672, 0.7423076629638672, 0.7423076629638672]
10,[0.6012295484542847, 0.7576923370361328, 0.7576923370361328, 0.7576923370361328, 0.7576923370361328]
15,[0.6075345277786255, 0.7423076629638672, 0.7423076629638672, 0.7423076629638672, 0.7423076629638672]
20,[0.5800364017486572, 0.7576923370361328, 0.7576923370361328, 0.7576923370361328, 0.7576923370361328]
25,[0.47597333788871765, 0.8192307949066162, 0.8192307949066162, 0.8192307949066162, 0.8192307949066162]
30,[0.5034295320510864, 0.7961538434028625, 0.8719230890274048, 0.7961538434028625, 0.7961538434028625]
35,[0.5664450526237488, 0.75, 0.9134171009063721, 0.75, 0.75]
40,[0.434151828289032, 0.807692289352417, 0.9551627039909363, 0.807692289352417, 0.807692289352417]
45,[0.3832406997680664, 0.7961538434028625, 0.9471893310546875, 0.7961538434028625, 0.7961538434028625]
50,[0.25138044357299805, 0.9115384817123413, 0.9815679788589478, 0.9115384817123413, 0.9115384817123413]
55,[0.18475519120693207, 0.949999988079071, 0.9796596765518188, 0.949999988079071, 0.949999988079071]
60,[0.21792566776275635, 0.942307710647583, 0.9665384292602539, 0.942307710647583, 0.942307710647583]
65,[0.15971739590168, 0.949999988079071, 0.9805473685264587, 0.949999988079071, 0.949999988079071]
70,[0.1645512580871582, 0.9653846025466919, 0.9755176901817322, 0.9653846025466919, 0.9653846025466919]
75,[0.12209535390138626, 0.9653846025466919, 0.9861094951629639, 0.9653846025466919, 0.9653846025466919]
80,[0.14266447722911835, 0.9653846025466919, 0.9884910583496094, 0.9653846025466919, 0.9653846025466919]
85,[0.1798018515110016, 0.9653846025466919, 0.9700295329093933, 0.9653846025466919, 0.9653846025466919]
90,[0.08483590930700302, 0.9769230484962463, 0.9926035404205322, 0.9769230484962463, 0.9769230484962463]
95,[0.18167446553707123, 0.9576923251152039, 0.9816124439239502, 0.9576923251152039, 0.9576923251152039]
100,[0.21711941063404083, 0.949999988079071, 0.975872814655304, 0.949999988079071, 0.949999988079071]
105,[0.13367074728012085, 0.9653846025466919, 0.9839496612548828, 0.9653846025466919, 0.9653846025466919]
110,[0.16954609751701355, 0.9653846025466919, 0.9771597385406494, 0.9653846025466919, 0.9653846025466919]
115,[0.26451578736305237, 0.942307710647583, 0.9675000309944153, 0.942307710647583, 0.942307710647583]
120,[0.24268871545791626, 0.9576923251152039, 0.9705768823623657, 0.9576923251152039, 0.9576923251152039]
125,[0.1422286033630371, 0.9653846025466919, 0.9833579063415527, 0.9653846025466919, 0.9653846025466919]
130,[0.18859288096427917, 0.9576923251152039, 0.9808579683303833, 0.9576923251152039, 0.9576923251152039]
135,[0.11623150110244751, 0.9769230484962463, 0.9894378185272217, 0.9769230484962463, 0.9769230484962463]
140,[0.19053344428539276, 0.9576923251152039, 0.974541425704956, 0.9576923251152039, 0.9576923251152039]
145,[0.16111087799072266, 0.9730769395828247, 0.979275107383728, 0.9730769395828247, 0.9730769395828247]
150,[0.19838359951972961, 0.9615384340286255, 0.9782100915908813, 0.9615384340286255, 0.9615384340286255]
155,[0.23539745807647705, 0.942307710647583, 0.9833580255508423, 0.942307710647583, 0.942307710647583]
160,[0.14796039462089539, 0.9692307710647583, 0.9831361770629883, 0.9692307710647583, 0.9692307710647583]
165,[0.2777343690395355, 0.9461538195610046, 0.9673668742179871, 0.9461538195610046, 0.9461538195610046]
170,[0.15097104012966156, 0.9653846025466919, 0.9824259877204895, 0.9653846025466919, 0.9653846025466919]
175,[0.0948905274271965, 0.9807692170143127, 0.9894527196884155, 0.9807692170143127, 0.9807692170143127]
180,[0.24986803531646729, 0.9576923251152039, 0.9638461470603943, 0.9576923251152039, 0.9576923251152039]
185,[0.2011903077363968, 0.9576923251152039, 0.9710798859596252, 0.9576923251152039, 0.9576923251152039]
190,[0.18657582998275757, 0.9653846025466919, 0.9753254055976868, 0.9653846025466919, 0.9653846025466919]
195,[0.10429898649454117, 0.9807692170143127, 0.9878993630409241, 0.9807692170143127, 0.9807692170143127]
200,[0.23058483004570007, 0.949999988079071, 0.9734023213386536, 0.949999988079071, 0.949999988079071]
